# auto: np = 100000 ; rcube = 256.000000 ; vscale = 1.000000
 0.0000  0.1000  0.0804  3.264e+01  4.324e+00   49.73 125.11  675.82  34.70  670.22  39.91  574.02 100.76         42
 0.1000  0.1464  0.1255  3.497e+01  2.534e+00  225.11  70.09  744.74  38.39  723.10  38.89  474.64  28.00         96
 0.1464  0.2132  0.1824  2.492e+01  1.704e+00   38.44  49.96  802.27  44.17  725.35  40.88  418.59  46.97        212
 0.2132  0.3116  0.2678  2.046e+01  1.049e+00   71.81  29.30  715.74  26.22  715.05  26.47  386.06  33.81        551
 0.3116  0.4544  0.3884  1.460e+01  5.486e-01   56.36  18.68  793.39  15.70  658.62  11.33  471.77   8.95       1238
 0.4544  0.6636  0.5644  9.703e+00  1.857e-01   38.77  11.94  791.90  13.49  651.60  18.76  500.51  13.39       2651
 0.6636  0.9688  0.8285  6.171e+00  1.429e-01  -36.06  12.70  754.93  18.23  618.16  17.74  593.28   6.72       5524
 0.9688  1.4144  1.1783  2.442e+00  8.569e-02 -212.82  15.74  743.26  12.47  584.58  15.44  591.75   4.43       8250
 1.4144  2.0648  1.7432  3.858e-01  3.041e-02 -574.40  11.14  665.99  11.51  608.17   9.54  484.36   6.36      10334
 2.0648  3.0148  2.6083  1.680e-01  1.697e-02 -595.82   5.71  555.28   7.27  575.78   5.47  517.25   4.09      27118
 3.0148  4.4016  3.8103  4.318e-01  1.629e-02 -395.50   5.24  528.27   4.87  508.64   3.68  584.18   3.50     103446
 4.4016  6.4264  5.4918  2.760e-01  1.036e-02 -265.40   4.38  570.03   5.67  493.03   3.00  559.57   2.88     286932
 6.4264  9.3824  8.1119  8.304e-02  8.595e-03 -243.75   3.47  606.52   4.12  519.90   3.69  486.20   3.97     757841
 9.3824 13.6988 11.8196  2.790e-02  7.399e-03 -162.80   3.07  639.75   3.48  546.41   3.40  419.19   4.83    2238844
13.6988 20.0000 17.2275 -1.817e-03  7.335e-03  -98.41   4.57  672.59   3.45  580.63   3.16  332.35   6.48    6765417
