# auto: np = 100000 ; rcube = 256.000000 ; vscale = 1.000000
 0.0000  0.1000  0.0500 -1.000e+00  0.000e+00    0.00   0.00    0.00   0.00    0.00   0.00    0.00   0.00          0
 0.1000  0.1464  0.1232 -1.000e+00  0.000e+00    0.00   0.00    0.00   0.00    0.00   0.00    0.00   0.00          0
 0.1464  0.2132  0.1798 -1.000e+00  0.000e+00    0.00   0.00    0.00   0.00    0.00   0.00    0.00   0.00          0
 0.2132  0.3116  0.2624 -1.000e+00  0.000e+00    0.00   0.00    0.00   0.00    0.00   0.00    0.00   0.00          0
 0.3116  0.4544  0.3830 -1.000e+00  0.000e+00    0.00   0.00    0.00   0.00    0.00   0.00    0.00   0.00          0
 0.4544  0.6636  0.5590 -1.000e+00  0.000e+00    0.00   0.00    0.00   0.00    0.00   0.00    0.00   0.00          0
 0.6636  0.9688  0.8162 -1.000e+00  0.000e+00    0.00   0.00    0.00   0.00    0.00   0.00    0.00   0.00          0
 0.9688  1.4144  1.1916 -1.000e+00  0.000e+00    0.00   0.00    0.00   0.00    0.00   0.00    0.00   0.00          0
 1.4144  2.0648  1.9797 -9.862e-01  1.273e-03 -1566.50  15.33  172.38  24.01  206.90  10.37  469.49  76.56        103
 2.0648  3.0148  2.7249 -6.295e-01  7.628e-03 -1009.85   1.42  220.22   2.92  395.46   1.98  400.11   3.34       8602
 3.0148  4.4016  3.9098  2.315e-01  8.035e-03 -168.54   1.83  487.97   2.53  388.93   1.30  694.40   2.16      88977
 4.4016  6.4264  5.5387  9.773e-02  5.999e-03  -64.90   1.39  534.64   1.62  488.62   1.66  612.44   2.08     246836
 6.4264  9.3824  8.2008  9.924e-03  7.333e-03 -149.15   2.28  632.70   2.14  542.40   1.57  504.42   2.88     706680
 9.3824 13.6988 11.8455  4.654e-03  5.842e-03  -43.09   3.43  696.77   2.27  582.36   1.60  417.89   3.53    2188207
13.6988 20.0000 17.2283 -1.186e-02  5.772e-03  -31.12   4.81  730.41   2.64  626.84   1.64  311.58   5.86    6697357
