# auto: np = 100000 ; rcube = 256.000000 ; vscale = 1.000000
 0.0000  0.1000  0.0741  6.789e+01  5.648e+00  -80.51  63.64  690.10 142.29  719.44  52.37  662.13  74.69         86
 0.1000  0.1464  0.1276  7.094e+01  4.379e+00  -82.24  60.15  669.05  38.88  722.43  39.92  602.63  43.94        192
 0.1464  0.2132  0.1849  6.538e+01  3.571e+00  -12.33  27.83  802.46  26.44  803.32  12.68  565.82  55.25        543
 0.2132  0.3116  0.2674  6.378e+01  1.756e+00   -0.71  18.48  737.05  24.42  747.77  16.38  592.63  15.47       1663
 0.3116  0.4544  0.3900  5.879e+01  1.074e+00  -23.18   4.73  745.08   8.31  755.12  12.22  576.37   8.58       4745
 0.4544  0.6636  0.5690  4.757e+01  9.867e-01  -40.64   3.65  778.19  10.45  766.58   9.11  579.49  11.43      12030
 0.6636  0.9688  0.8257  3.414e+01  7.447e-01  -69.44   5.80  803.15   9.31  778.65   9.35  560.28   8.52      27067
 0.9688  1.4144  1.1949  1.967e+01  4.770e-01 -129.27   7.18  851.22  13.34  796.40  11.10  526.62  10.11      49555
 1.4144  2.0648  1.7336  8.387e+00  2.446e-01 -251.05   6.73  895.29  12.90  804.04  10.46  496.59   7.93      70001
 2.0648  3.0148  2.5392  3.050e+00  8.075e-02 -449.65   5.83  841.56   9.87  746.35   9.90  467.78   9.54      94032
 3.0148  4.4016  3.7489  1.325e+00  3.271e-02 -512.41   7.25  717.16   7.38  649.36   5.98  475.76   7.77     168009
 4.4016  6.4264  5.4898  6.721e-01  2.408e-02 -427.75   4.34  675.51   5.65  606.03   4.27  463.51   5.55     375995
 6.4264  9.3824  8.0380  3.067e-01  2.075e-02 -348.23   3.53  666.00   3.93  594.27   5.01  422.54   6.51     914355
 9.3824 13.6988 11.7649  1.098e-01  1.670e-02 -260.99   3.24  657.57   4.49  592.05   4.52  375.26   7.37    2417284
13.6988 20.0000 17.2147  2.380e-02  1.715e-02 -171.80   5.69  666.50   4.15  603.95   3.74  314.51   8.37    6939044
