# auto: np = 100000 ; rcube = 256.000000 ; vscale = 1.000000
 0.0000  0.1000  0.0500 -1.000e+00  0.000e+00    0.00   0.00    0.00   0.00    0.00   0.00    0.00   0.00          0
 0.1000  0.1464  0.1232 -1.000e+00  0.000e+00    0.00   0.00    0.00   0.00    0.00   0.00    0.00   0.00          0
 0.1464  0.2132  0.1798 -1.000e+00  0.000e+00    0.00   0.00    0.00   0.00    0.00   0.00    0.00   0.00          0
 0.2132  0.3116  0.2624 -1.000e+00  0.000e+00    0.00   0.00    0.00   0.00    0.00   0.00    0.00   0.00          0
 0.3116  0.4544  0.3830 -1.000e+00  0.000e+00    0.00   0.00    0.00   0.00    0.00   0.00    0.00   0.00          0
 0.4544  0.6636  0.5590 -1.000e+00  0.000e+00    0.00   0.00    0.00   0.00    0.00   0.00    0.00   0.00          0
 0.6636  0.9688  0.8162 -1.000e+00  0.000e+00    0.00   0.00    0.00   0.00    0.00   0.00    0.00   0.00          0
 0.9688  1.4144  1.1916 -1.000e+00  0.000e+00    0.00   0.00    0.00   0.00    0.00   0.00    0.00   0.00          0
 1.4144  2.0648  1.7396 -1.000e+00  0.000e+00    0.00   0.00    0.00   0.00    0.00   0.00    0.00   0.00          0
 2.0648  3.0148  2.5398 -1.000e+00  0.000e+00    0.00   0.00    0.00   0.00    0.00   0.00    0.00   0.00          0
 3.0148  4.4016  3.9969  5.627e-01  9.465e-03   -0.23   1.49  342.82   0.82  218.15   0.84  623.85   3.21     112901
 4.4016  6.4264  5.6609  3.749e-02  6.523e-03    5.02   1.77  469.60   1.43  287.21   0.83  557.57   3.02     233290
 6.4264  9.3824  8.3812  3.616e-02  6.688e-03  -53.56   2.25  513.66   2.09  367.10   1.00  480.36   3.23     725040
 9.3824 13.6988 11.8869  3.393e-03  5.766e-03    8.71   3.71  549.30   2.59  424.08   1.36  409.15   3.92    2185461
13.6988 20.0000 17.1267 -6.408e-02  5.234e-03  -26.06   4.87  598.78   3.34  475.67   1.81  312.11   5.52    6343391
