# auto: np = 100000 ; rcube = 256.000000 ; vscale = 1.000000
 0.0000  0.1000  0.0766  3.825e+01  5.200e+00 -134.70 125.67  719.52  72.79  779.21  44.14  495.90 157.19         49
 0.1000  0.1464  0.1270  3.347e+01  2.336e+00  -35.45  91.65  688.13  52.47  691.97  51.27  567.64  57.56         92
 0.1464  0.2132  0.1823  2.773e+01  2.361e+00  -91.76  63.84  808.15  75.10  744.06  61.22  554.48  37.80        235
 0.2132  0.3116  0.2681  2.600e+01  7.767e-01   14.99  20.33  808.84  23.16  773.58  16.24  572.96  40.31        693
 0.3116  0.4544  0.3885  2.342e+01  1.045e+00  -71.95  15.49  800.94  31.00  812.21  35.25  583.85  18.86       1938
 0.4544  0.6636  0.5680  1.829e+01  4.205e-01  -96.87  14.70  825.86  18.40  802.70  20.72  582.23  16.85       4777
 0.6636  0.9688  0.8266  1.340e+01  4.003e-01 -146.06   8.50  818.12  25.70  780.22  24.53  584.17  17.58      11096
 0.9688  1.4144  1.1904  7.437e+00  2.280e-01 -238.33   8.87  800.85  16.07  743.55  19.95  581.79  10.01      20226
 1.4144  2.0648  1.7352  2.379e+00  9.247e-02 -526.98   4.75  764.88  15.82  723.88  13.60  521.86   4.52      25200
 2.0648  3.0148  2.5787  1.033e+00  3.034e-02 -613.16   8.66  662.20  14.75  641.49   7.48  515.19   6.28      47210
 3.0148  4.4016  3.7765  7.202e-01  2.692e-02 -464.50   7.27  619.53   9.13  565.85   6.40  545.88   4.62     124285
 4.4016  6.4264  5.5022  3.980e-01  1.405e-02 -349.83   4.54  627.72   5.34  545.80   5.42  521.46   3.86     314358
 6.4264  9.3824  8.0662  1.470e-01  1.163e-02 -293.70   3.32  628.58   4.64  552.82   5.01  464.79   4.49     802580
 9.3824 13.6988 11.7855  5.094e-02  1.061e-02 -212.51   3.63  644.48   4.37  566.72   4.79  404.35   5.61    2289020
13.6988 20.0000 17.2259  9.201e-03  1.059e-02 -128.15   4.83  668.81   3.92  589.36   4.20  327.62   6.94    6840090
