# auto: np = 100000 ; rcube = 256.000000 ; vscale = 1.000000
 0.0000  0.1000  0.0652  3.005e+00  2.076e+00 -1914.08 336.01  745.05 554.33 1135.12 168.28  890.42 155.72          5
 0.1000  0.1464  0.1223  3.871e+00  1.259e+00 -443.21 253.76 1421.83 339.65 1581.01 302.22  719.66  85.41         13
 0.1464  0.2132  0.1825  1.812e+00  3.893e-01 -790.41 300.72 1891.17 570.33 1350.63 143.58 -239.48 1055.16         23
 0.2132  0.3116  0.2633  8.698e-01  2.567e-01 -997.78 186.80 1492.68 271.89 1151.89  97.50  588.71 102.74         48
 0.3116  0.4544  0.3872 -3.069e-01  4.834e-02 -2004.10 165.32 1006.71 318.99  938.97  77.46 -341.58 177.01         55
 0.4544  0.6636  0.5675 -5.115e-01  5.900e-02 -1946.12 100.79  871.45  87.41  810.10  96.37 -272.89 468.63        121
 0.6636  0.9688  0.8316 -5.833e-01  1.647e-02 -1949.35  34.39  531.52  44.08  692.38  33.58 -326.90 101.21        321
 0.9688  1.4144  1.2301 -4.961e-01  1.872e-02 -1568.98  10.82  411.00  15.54  506.14   8.84  380.66  10.84       1208
 1.4144  2.0648  1.7938 -3.107e-01  1.592e-02 -1151.53  10.53  421.28  11.14  407.01   8.51  417.10  11.86       5140
 2.0648  3.0148  2.5748 -3.818e-01  6.876e-03 -763.54   2.85  454.31   2.62  433.13   3.80  446.09   5.81      14353
 3.0148  4.4016  3.9110  1.739e-01  8.196e-03 -208.12   2.23  417.12   2.24  436.64   2.64  691.36   2.23      84812
 4.4016  6.4264  5.5481  1.457e-01  8.210e-03 -155.15   3.28  579.18   3.78  474.09   2.55  603.60   2.83     257612
 6.4264  9.3824  8.1243 -6.321e-03  7.185e-03 -146.39   2.27  604.06   3.40  511.37   2.28  529.05   3.21     695313
 9.3824 13.6988 11.8015  6.589e-03  6.160e-03  -89.76   3.18  666.56   3.68  555.87   2.59  441.42   4.02    2192423
13.6988 20.0000 17.2313 -5.735e-04  6.180e-03  -53.93   4.97  708.10   3.39  599.17   2.59  333.81   6.08    6773844
